TMD:	 WSe2 

e1 :               38.933 %	 1.03490 	->	 0.6319846877318623
e3 :               44.376 %	 -0.95730 	->	 -0.5324866711880537
e4 :               46.411 %	 -1.39370 	->	 -2.040536698727287
e6 :               17.075 %	 -0.16670 	->	 -0.13823611664694474
e7 :               82.586 %	 0.09840 	->	 0.017135061531972005
e9 :               40.875 %	 -3.36420 	->	 -4.739315398471656
e10 :              31.366 %	 -2.18200 	->	 -1.4975837717930331
t1_11 :            66.551 %	 -0.13950 	->	 -0.04666143388424113
t1_22 :            22.959 %	 0.01290 	->	 0.015861687526849414
t1_33 :            12.091 %	 -0.21710 	->	 -0.19085006151657996
t1_44 :            30.018 %	 0.97630 	->	 0.6832316950890834
t1_55 :            49.154 %	 -0.19850 	->	 -0.10092958018990598
t1_66 :            0.012 %	 -0.33300 	->	 -0.3329585663899419
t1_77 :            39.336 %	 0.31900 	->	 0.1935168637010953
t1_88 :            47.098 %	 -0.58370 	->	 -0.30878614580571984
t1_99 :            28.261 %	 -0.23990 	->	 -0.30769771650904765
t1_1010 :          29.836 %	 1.04700 	->	 1.3593812793997226
t1_1111 :          47.477 %	 0.00290 	->	 0.00427682245295848
t1_35 :            93.267 %	 -0.09120 	->	 -0.17625976566199067
t1_68 :            48.998 %	 0.42330 	->	 0.2158905211398309
t1_911 :           259.054 %	 -0.03770 	->	 0.059963544369246405
t1_12 :            38.578 %	 -0.23210 	->	 -0.32163929543997555
t1_34 :            1.737 %	 -0.07970 	->	 -0.07831536870701301
t1_45 :            13.706 %	 -0.09200 	->	 -0.07939076730194525
t1_67 :            55.552 %	 -0.12500 	->	 -0.19443976250838418
t1_78 :            35.990 %	 -0.24560 	->	 -0.15720969481141225
t1_910 :           45.588 %	 0.18570 	->	 0.2703560651177012
t1_1011 :          71.226 %	 -0.10270 	->	 -0.17584932232465453
t5_41 :            49.587 %	 -0.77440 	->	 -0.39039478551411955
t5_32 :            38.578 %	 -1.40140 	->	 -1.9420375849016374
t5_52 :            16.877 %	 2.08580 	->	 2.437821154957417
t5_96 :            44.392 %	 -0.89980 	->	 -1.2992381828193509
t5_116 :           47.103 %	 -0.90440 	->	 -1.3304027512161651
t5_107 :           14.299 %	 1.40300 	->	 1.6036090155076765
t5_98 :            48.550 %	 -0.85480 	->	 -0.43979056805821115
t5_118 :           40.353 %	 0.57110 	->	 0.8015573109232121
t6_96 :            90.427 %	 -0.06760 	->	 -0.006471017994002769
t6_116 :           59.354 %	 -0.16080 	->	 -0.06535806326283822
t6_98 :            23.059 %	 -0.26180 	->	 -0.32216764788165775
t6_118 :           49.132 %	 -0.24240 	->	 -0.36149501911705684
offset :           49.353 %	 -0.74000 	->	 -1.1052122921660505


#############################


