TMD:	 WS2 

e1 :               25.055 %	 1.37540 	->	 1.030790943843656
e3 :               6.010 %	 -1.12780 	->	 -1.195581291759188
e4 :               48.653 %	 -1.55340 	->	 -2.309175009670405
e6 :               42.758 %	 -0.03930 	->	 -0.022495952525350416
e7 :               49.653 %	 0.19840 	->	 0.099889432636301
e9 :               47.904 %	 -3.37060 	->	 -4.985240104444048
e10 :              31.025 %	 -2.34610 	->	 -1.6182187754993302
t1_11 :            25.744 %	 -0.20110 	->	 -0.2528705988189522
t1_22 :            70.195 %	 0.02630 	->	 0.044761402623401884
t1_33 :            39.230 %	 -0.17490 	->	 -0.10628591540454944
t1_44 :            32.643 %	 0.87260 	->	 0.5877574238610696
t1_55 :            28.556 %	 -0.21870 	->	 -0.15624826653674342
t1_66 :            47.652 %	 -0.37160 	->	 -0.5486748851681269
t1_77 :            43.649 %	 0.35370 	->	 0.19931273923254988
t1_88 :            49.939 %	 -0.68920 	->	 -0.34501795349932457
t1_99 :            29.227 %	 -0.21120 	->	 -0.14947259019571327
t1_1010 :          9.527 %	 0.96730 	->	 1.0594542009501082
t1_1111 :          12.988 %	 0.01430 	->	 0.016157312047358877
t1_35 :            3.896 %	 -0.08180 	->	 -0.08498722157592581
t1_68 :            3.445 %	 0.48960 	->	 0.47273209201337285
t1_911 :           64.885 %	 -0.03150 	->	 -0.011061086019047211
t1_12 :            23.505 %	 -0.31060 	->	 -0.23759377729983253
t1_34 :            31.304 %	 -0.11050 	->	 -0.07590887980118013
t1_45 :            23.045 %	 -0.09890 	->	 -0.12169141259202024
t1_67 :            61.886 %	 -0.14670 	->	 -0.237486120599881
t1_78 :            13.283 %	 -0.30300 	->	 -0.2627526472081763
t1_910 :           48.396 %	 0.16450 	->	 0.24411061133353712
t1_1011 :          33.891 %	 -0.10180 	->	 -0.06729920813669378
t5_41 :            17.159 %	 -0.88550 	->	 -1.0374462612554871
t5_32 :            49.309 %	 -1.43760 	->	 -2.14646398044092
t5_52 :            49.111 %	 2.31210 	->	 1.1766069422567245
t5_96 :            41.667 %	 -1.01300 	->	 -1.4350838232048104
t5_116 :           41.944 %	 -0.98780 	->	 -1.4021263549466332
t5_107 :           6.013 %	 1.56290 	->	 1.6568829678494041
t5_98 :            22.569 %	 -0.94910 	->	 -0.7348989811746437
t5_118 :           30.810 %	 0.67180 	->	 0.8787788501677697
t6_96 :            25.976 %	 -0.06590 	->	 -0.0830180509623356
t6_116 :           49.955 %	 -0.15330 	->	 -0.0767189620633824
t6_98 :            12.895 %	 -0.26180 	->	 -0.295559108702709
t6_118 :           43.281 %	 -0.27360 	->	 -0.39201602823112214
offset :           2.216 %	 -1.34000 	->	 -1.3103053548455375


#############################


