TMD:	 WS2 

e1 :               24.937 %	 1.37540 	->	 1.0324184211355483
e3 :               39.456 %	 -1.12780 	->	 -1.572779715027029
e4 :               55.569 %	 -1.55340 	->	 -0.6901841597359132
e6 :               33.065 %	 -0.03930 	->	 -0.02630544058946764
e7 :               116.658 %	 0.19840 	->	 0.4298485175949698
e9 :               8.973 %	 -3.37060 	->	 -3.068158691497214
e10 :              31.885 %	 -2.34610 	->	 -1.5980538944957603
t1_11 :            21.540 %	 -0.20110 	->	 -0.15778332765061098
t1_22 :            193.189 %	 0.02630 	->	 -0.024508722753004045
t1_33 :            67.145 %	 -0.17490 	->	 -0.29233747064194276
t1_44 :            29.609 %	 0.87260 	->	 0.614231610381459
t1_55 :            97.890 %	 -0.21870 	->	 -0.004613698666373789
t1_66 :            1.519 %	 -0.37160 	->	 -0.3772461645901283
t1_77 :            36.844 %	 0.35370 	->	 0.2233819461065256
t1_88 :            80.437 %	 -0.68920 	->	 -0.13483153847498924
t1_99 :            45.033 %	 -0.21120 	->	 -0.11608946901700488
t1_1010 :          46.982 %	 0.96730 	->	 1.4217603731428918
t1_1111 :          599.301 %	 0.01430 	->	 0.09999999999999999
t1_35 :            108.878 %	 -0.08180 	->	 -0.17086207583103102
t1_68 :            27.805 %	 0.48960 	->	 0.35346611510328785
t1_911 :           775.191 %	 -0.03150 	->	 -0.2756852982867657
t1_12 :            1.854 %	 -0.31060 	->	 -0.31635702225433815
t1_34 :            5.530 %	 -0.11050 	->	 -0.10438963410639572
t1_45 :            219.395 %	 -0.09890 	->	 0.11808149584461881
t1_67 :            210.514 %	 -0.14670 	->	 -0.45552433526928343
t1_78 :            37.165 %	 -0.30300 	->	 -0.1903890395795389
t1_910 :           164.259 %	 0.16450 	->	 0.4347066163902406
t1_1011 :          154.878 %	 -0.10180 	->	 -0.2594658634466576
t5_41 :            19.262 %	 -0.88550 	->	 -0.7149360004838464
t5_32 :            16.250 %	 -1.43760 	->	 -1.2039875355435188
t5_52 :            3.640 %	 2.31210 	->	 2.2279399622900877
t5_96 :            27.746 %	 -1.01300 	->	 -1.2940641839040667
t5_116 :           20.429 %	 -0.98780 	->	 -1.189592801524812
t5_107 :           43.974 %	 1.56290 	->	 2.2501694025827863
t5_98 :            77.255 %	 -0.94910 	->	 -0.21587198725096568
t5_118 :           70.681 %	 0.67180 	->	 1.1466337106280546
t6_96 :            348.842 %	 -0.06590 	->	 0.16398665191186645
t6_116 :           96.903 %	 -0.15330 	->	 -0.30185262008970337
t6_98 :            66.289 %	 -0.26180 	->	 -0.08825465756685404
t6_118 :           32.303 %	 -0.27360 	->	 -0.1852192376709747
offset :           2.596 %	 0.31000 	->	 0.3180486509423339


#############################


