TMD:	 WSe2 

e1 :               7.525 %	 1.03490 	->	 1.1127715448652458
e3 :               0.635 %	 -0.95730 	->	 -0.9633812042905419
e4 :               22.346 %	 -1.39370 	->	 -1.0822594813707906
e6 :               64.136 %	 -0.16670 	->	 -0.27361403867965844
e7 :               21.561 %	 0.09840 	->	 0.11961575105255219
e9 :               20.398 %	 -3.36420 	->	 -4.050417082424818
e10 :              11.031 %	 -2.18200 	->	 -1.9412929448992526
t1_11 :            49.375 %	 -0.13950 	->	 -0.0706215948013833
t1_22 :            444.681 %	 0.01290 	->	 0.0702638099950664
t1_33 :            68.509 %	 -0.21710 	->	 -0.0683680404959707
t1_44 :            34.033 %	 0.97630 	->	 0.6440373758490439
t1_55 :            5.476 %	 -0.19850 	->	 -0.18763058175718117
t1_66 :            50.485 %	 -0.33300 	->	 -0.5011157881977937
t1_77 :            99.028 %	 0.31900 	->	 0.6349006205734017
t1_88 :            68.226 %	 -0.58370 	->	 -0.1854629491457201
t1_99 :            147.974 %	 -0.23990 	->	 -0.5948892621753649
t1_1010 :          131.918 %	 1.04700 	->	 2.42818324242611
t1_1111 :          6968.513 %	 0.00290 	->	 0.2049868889250205
t1_35 :            84.300 %	 -0.09120 	->	 -0.01431877903304718
t1_68 :            54.616 %	 0.42330 	->	 0.19211045879085786
t1_911 :           246.362 %	 -0.03770 	->	 0.05517859460871469
t1_12 :            45.490 %	 -0.23210 	->	 -0.12651729904516268
t1_34 :            282.555 %	 -0.07970 	->	 -0.30489614556269706
t1_45 :            47.363 %	 -0.09200 	->	 -0.04842602262589499
t1_67 :            239.773 %	 -0.12500 	->	 -0.4247156726920498
t1_78 :            83.471 %	 -0.24560 	->	 -0.4506047226557138
t1_910 :           153.096 %	 0.18570 	->	 0.46999886389426054
t1_1011 :          34.508 %	 -0.10270 	->	 -0.06725993573664613
t5_41 :            85.967 %	 -0.77440 	->	 -0.1086683224578436
t5_32 :            48.663 %	 -1.40140 	->	 -0.7194403113784807
t5_52 :            47.618 %	 2.08580 	->	 1.0925766753000243
t5_96 :            92.541 %	 -0.89980 	->	 -1.7324867174968575
t5_116 :           10.874 %	 -0.90440 	->	 -1.002741726289892
t5_107 :           103.815 %	 1.40300 	->	 2.859521827746533
t5_98 :            95.248 %	 -0.85480 	->	 -0.04061820747530345
t5_118 :           21.232 %	 0.57110 	->	 0.4498411969818208
t6_96 :            118.513 %	 -0.06760 	->	 -0.14771506595930844
t6_116 :           37.928 %	 -0.16080 	->	 -0.09981151102945683
t6_98 :            37.138 %	 -0.26180 	->	 -0.16457239770045767
t6_118 :           284.093 %	 -0.24240 	->	 -0.9310404565879608
offset :           0.477 %	 0.46000 	->	 0.46219265082110983


#############################


